HEADER: Restart File
FILETYPE: nTIME-1DSPACE-1DATATYPE
DATE: 20250408_2108
DATATYPE: length
UNITS: m
NX: 256
ITEMS_PER_LINE: 100
END: HEADER
TIME: 0.0
DATA: NEXTLINE
[0.1953125 0.1953125 0.1953125 0.1953125 0.1953125 0.1953125 0.1953125
 0.1953125 0.1953125 0.1953125 0.1953125 0.1953125 0.1953125 0.1953125
 0.1953125 0.1953125 0.1953125 0.1953125 0.1953125 0.1953125 0.1953125
 0.1953125 0.1953125 0.1953125 0.1953125 0.1953125 0.1953125 0.1953125
 0.1953125 0.1953125 0.1953125 0.1953125 0.1953125 0.1953125 0.1953125
 0.1953125 0.1953125 0.1953125 0.1953125 0.1953125 0.1953125 0.1953125
 0.1953125 0.1953125 0.1953125 0.1953125 0.1953125 0.1953125 0.1953125
 0.1953125 0.1953125 0.1953125 0.1953125 0.1953125 0.1953125 0.1953125
 0.1953125 0.1953125 0.1953125 0.1953125 0.1953125 0.1953125 0.1953125
 0.1953125 0.1953125 0.1953125 0.1953125 0.1953125 0.1953125 0.1953125
 0.1953125 0.1953125 0.1953125 0.1953125 0.1953125 0.1953125 0.1953125
 0.1953125 0.1953125 0.1953125 0.1953125 0.1953125 0.1953125 0.1953125
 0.1953125 0.1953125 0.1953125 0.1953125 0.1953125 0.1953125 0.1953125
 0.1953125 0.1953125 0.1953125 0.1953125 0.1953125 0.1953125 0.1953125
 0.1953125 0.1953125]
[0.1953125 0.1953125 0.1953125 0.1953125 0.1953125 0.1953125 0.1953125
 0.1953125 0.1953125 0.1953125 0.1953125 0.1953125 0.1953125 0.1953125
 0.1953125 0.1953125 0.1953125 0.1953125 0.1953125 0.1953125 0.1953125
 0.1953125 0.1953125 0.1953125 0.1953125 0.1953125 0.1953125 0.1953125
 0.1953125 0.1953125 0.1953125 0.1953125 0.1953125 0.1953125 0.1953125
 0.1953125 0.1953125 0.1953125 0.1953125 0.1953125 0.1953125 0.1953125
 0.1953125 0.1953125 0.1953125 0.1953125 0.1953125 0.1953125 0.1953125
 0.1953125 0.1953125 0.1953125 0.1953125 0.1953125 0.1953125 0.1953125
 0.1953125 0.1953125 0.1953125 0.1953125 0.1953125 0.1953125 0.1953125
 0.1953125 0.1953125 0.1953125 0.1953125 0.1953125 0.1953125 0.1953125
 0.1953125 0.1953125 0.1953125 0.1953125 0.1953125 0.1953125 0.1953125
 0.1953125 0.1953125 0.1953125 0.1953125 0.1953125 0.1953125 0.1953125
 0.1953125 0.1953125 0.1953125 0.1953125 0.1953125 0.1953125 0.1953125
 0.1953125 0.1953125 0.1953125 0.1953125 0.1953125 0.1953125 0.1953125
 0.1953125 0.1953125]
[0.1953125 0.1953125 0.1953125 0.1953125 0.1953125 0.1953125 0.1953125
 0.1953125 0.1953125 0.1953125 0.1953125 0.1953125 0.1953125 0.1953125
 0.1953125 0.1953125 0.1953125 0.1953125 0.1953125 0.1953125 0.1953125
 0.1953125 0.1953125 0.1953125 0.1953125 0.1953125 0.1953125 0.1953125
 0.1953125 0.1953125 0.1953125 0.1953125 0.1953125 0.1953125 0.1953125
 0.1953125 0.1953125 0.1953125 0.1953125 0.1953125 0.1953125 0.1953125
 0.1953125 0.1953125 0.1953125 0.1953125 0.1953125 0.1953125 0.1953125
 0.1953125 0.1953125 0.1953125 0.1953125 0.1953125 0.1953125 0.1953125]
