HEADER: Restart File
FILETYPE: nTIME-1DSPACE-1DATATYPE
DATE: 20250330_1407
DATATYPE: xvalue
UNITS: m
NX: 256
ITEMS_PER_LINE: 100
END: HEADER
TIME: 0.0
DATA: NEXTLINE
[ 0.09765625  0.29296875  0.48828125  0.68359375  0.87890625  1.07421875
  1.26953125  1.46484375  1.66015625  1.85546875  2.05078125  2.24609375
  2.44140625  2.63671875  2.83203125  3.02734375  3.22265625  3.41796875
  3.61328125  3.80859375  4.00390625  4.19921875  4.39453125  4.58984375
  4.78515625  4.98046875  5.17578125  5.37109375  5.56640625  5.76171875
  5.95703125  6.15234375  6.34765625  6.54296875  6.73828125  6.93359375
  7.12890625  7.32421875  7.51953125  7.71484375  7.91015625  8.10546875
  8.30078125  8.49609375  8.69140625  8.88671875  9.08203125  9.27734375
  9.47265625  9.66796875  9.86328125 10.05859375 10.25390625 10.44921875
 10.64453125 10.83984375 11.03515625 11.23046875 11.42578125 11.62109375
 11.81640625 12.01171875 12.20703125 12.40234375 12.59765625 12.79296875
 12.98828125 13.18359375 13.37890625 13.57421875 13.76953125 13.96484375
 14.16015625 14.35546875 14.55078125 14.74609375 14.94140625 15.13671875
 15.33203125 15.52734375 15.72265625 15.91796875 16.11328125 16.30859375
 16.50390625 16.69921875 16.89453125 17.08984375 17.28515625 17.48046875
 17.67578125 17.87109375 18.06640625 18.26171875 18.45703125 18.65234375
 18.84765625 19.04296875 19.23828125 19.43359375]
[19.62890625 19.82421875 20.01953125 20.21484375 20.41015625 20.60546875
 20.80078125 20.99609375 21.19140625 21.38671875 21.58203125 21.77734375
 21.97265625 22.16796875 22.36328125 22.55859375 22.75390625 22.94921875
 23.14453125 23.33984375 23.53515625 23.73046875 23.92578125 24.12109375
 24.31640625 24.51171875 24.70703125 24.90234375 25.09765625 25.29296875
 25.48828125 25.68359375 25.87890625 26.07421875 26.26953125 26.46484375
 26.66015625 26.85546875 27.05078125 27.24609375 27.44140625 27.63671875
 27.83203125 28.02734375 28.22265625 28.41796875 28.61328125 28.80859375
 29.00390625 29.19921875 29.39453125 29.58984375 29.78515625 29.98046875
 30.17578125 30.37109375 30.56640625 30.76171875 30.95703125 31.15234375
 31.34765625 31.54296875 31.73828125 31.93359375 32.12890625 32.32421875
 32.51953125 32.71484375 32.91015625 33.10546875 33.30078125 33.49609375
 33.69140625 33.88671875 34.08203125 34.27734375 34.47265625 34.66796875
 34.86328125 35.05859375 35.25390625 35.44921875 35.64453125 35.83984375
 36.03515625 36.23046875 36.42578125 36.62109375 36.81640625 37.01171875
 37.20703125 37.40234375 37.59765625 37.79296875 37.98828125 38.18359375
 38.37890625 38.57421875 38.76953125 38.96484375]
[39.16015625 39.35546875 39.55078125 39.74609375 39.94140625 40.13671875
 40.33203125 40.52734375 40.72265625 40.91796875 41.11328125 41.30859375
 41.50390625 41.69921875 41.89453125 42.08984375 42.28515625 42.48046875
 42.67578125 42.87109375 43.06640625 43.26171875 43.45703125 43.65234375
 43.84765625 44.04296875 44.23828125 44.43359375 44.62890625 44.82421875
 45.01953125 45.21484375 45.41015625 45.60546875 45.80078125 45.99609375
 46.19140625 46.38671875 46.58203125 46.77734375 46.97265625 47.16796875
 47.36328125 47.55859375 47.75390625 47.94921875 48.14453125 48.33984375
 48.53515625 48.73046875 48.92578125 49.12109375 49.31640625 49.51171875
 49.70703125 49.90234375]
