HEADER: Restart File
FILETYPE: nTIME-1DSPACE-1DATATYPE
DATE: 20250330_1407
DATATYPE: xvalue_face
UNITS: m
NX: 257
ITEMS_PER_LINE: 100
END: HEADER
TIME: 0.0
DATA: NEXTLINE
[ 0.         0.1953125  0.390625   0.5859375  0.78125    0.9765625
  1.171875   1.3671875  1.5625     1.7578125  1.953125   2.1484375
  2.34375    2.5390625  2.734375   2.9296875  3.125      3.3203125
  3.515625   3.7109375  3.90625    4.1015625  4.296875   4.4921875
  4.6875     4.8828125  5.078125   5.2734375  5.46875    5.6640625
  5.859375   6.0546875  6.25       6.4453125  6.640625   6.8359375
  7.03125    7.2265625  7.421875   7.6171875  7.8125     8.0078125
  8.203125   8.3984375  8.59375    8.7890625  8.984375   9.1796875
  9.375      9.5703125  9.765625   9.9609375 10.15625   10.3515625
 10.546875  10.7421875 10.9375    11.1328125 11.328125  11.5234375
 11.71875   11.9140625 12.109375  12.3046875 12.5       12.6953125
 12.890625  13.0859375 13.28125   13.4765625 13.671875  13.8671875
 14.0625    14.2578125 14.453125  14.6484375 14.84375   15.0390625
 15.234375  15.4296875 15.625     15.8203125 16.015625  16.2109375
 16.40625   16.6015625 16.796875  16.9921875 17.1875    17.3828125
 17.578125  17.7734375 17.96875   18.1640625 18.359375  18.5546875
 18.75      18.9453125 19.140625  19.3359375]
[19.53125   19.7265625 19.921875  20.1171875 20.3125    20.5078125
 20.703125  20.8984375 21.09375   21.2890625 21.484375  21.6796875
 21.875     22.0703125 22.265625  22.4609375 22.65625   22.8515625
 23.046875  23.2421875 23.4375    23.6328125 23.828125  24.0234375
 24.21875   24.4140625 24.609375  24.8046875 25.        25.1953125
 25.390625  25.5859375 25.78125   25.9765625 26.171875  26.3671875
 26.5625    26.7578125 26.953125  27.1484375 27.34375   27.5390625
 27.734375  27.9296875 28.125     28.3203125 28.515625  28.7109375
 28.90625   29.1015625 29.296875  29.4921875 29.6875    29.8828125
 30.078125  30.2734375 30.46875   30.6640625 30.859375  31.0546875
 31.25      31.4453125 31.640625  31.8359375 32.03125   32.2265625
 32.421875  32.6171875 32.8125    33.0078125 33.203125  33.3984375
 33.59375   33.7890625 33.984375  34.1796875 34.375     34.5703125
 34.765625  34.9609375 35.15625   35.3515625 35.546875  35.7421875
 35.9375    36.1328125 36.328125  36.5234375 36.71875   36.9140625
 37.109375  37.3046875 37.5       37.6953125 37.890625  38.0859375
 38.28125   38.4765625 38.671875  38.8671875]
[39.0625    39.2578125 39.453125  39.6484375 39.84375   40.0390625
 40.234375  40.4296875 40.625     40.8203125 41.015625  41.2109375
 41.40625   41.6015625 41.796875  41.9921875 42.1875    42.3828125
 42.578125  42.7734375 42.96875   43.1640625 43.359375  43.5546875
 43.75      43.9453125 44.140625  44.3359375 44.53125   44.7265625
 44.921875  45.1171875 45.3125    45.5078125 45.703125  45.8984375
 46.09375   46.2890625 46.484375  46.6796875 46.875     47.0703125
 47.265625  47.4609375 47.65625   47.8515625 48.046875  48.2421875
 48.4375    48.6328125 48.828125  49.0234375 49.21875   49.4140625
 49.609375  49.8046875 50.       ]
