HEADER: Restart File
FILETYPE: nTIME-1DSPACE-1DATATYPE
DATE: 20250330_1441
DATATYPE: zbottom_face
UNITS: m
NX: 257
ITEMS_PER_LINE: 100
END: HEADER
TIME: 0.0
DATA: NEXTLINE
[0.                 0.                 0.
 0.                 0.                 0.
 0.                 0.                 0.
 0.                 0.                 0.
 0.                 0.                 0.
 0.                 0.                 0.
 0.                 0.                 0.
 0.                 0.                 0.
 0.                 0.                 0.
 0.                 0.                 0.
 0.                 0.                 0.
 0.                 0.                 0.
 0.                 0.                 0.
 0.                 0.                 0.0102687835693359
 0.0380851745605469 0.0712730407714844 0.1006462097167969
 0.1262046813964844 0.1479484558105469 0.1658775329589844
 0.1799919128417969 0.1902915954589844 0.1967765808105469
 0.1994468688964844 0.1983024597167969 0.1933433532714844
 0.1845695495605469 0.1719810485839844 0.1555778503417969
 0.1353599548339844 0.1113273620605469 0.0834800720214844
 0.0518180847167969 0.0175167083740234 0.
 0.                 0.                 0.
 0.                 0.                 0.
 0.                 0.                 0.
 0.                 0.                 0.
 0.                 0.                 0.
 0.                 0.                 0.
 0.                 0.                 0.
 0.                 0.                 0.
 0.                 0.                 0.
 0.                 0.                 0.
 0.                 0.                 0.
 0.                 0.                 0.
 0.                ]
[0. 0. 0. 0. 0. 0. 0. 0. 0. 0. 0. 0. 0. 0. 0. 0. 0. 0. 0. 0. 0. 0. 0. 0.
 0. 0. 0. 0. 0. 0. 0. 0. 0. 0. 0. 0. 0. 0. 0. 0. 0. 0. 0. 0. 0. 0. 0. 0.
 0. 0. 0. 0. 0. 0. 0. 0. 0. 0. 0. 0. 0. 0. 0. 0. 0. 0. 0. 0. 0. 0. 0. 0.
 0. 0. 0. 0. 0. 0. 0. 0. 0. 0. 0. 0. 0. 0. 0. 0. 0. 0. 0. 0. 0. 0. 0. 0.
 0. 0. 0. 0.]
[0. 0. 0. 0. 0. 0. 0. 0. 0. 0. 0. 0. 0. 0. 0. 0. 0. 0. 0. 0. 0. 0. 0. 0.
 0. 0. 0. 0. 0. 0. 0. 0. 0. 0. 0. 0. 0. 0. 0. 0. 0. 0. 0. 0. 0. 0. 0. 0.
 0. 0. 0. 0. 0. 0. 0. 0. 0.]
