HEADER: Restart File
FILETYPE: nTIME-1DSPACE-1DATATYPE
DATE: 20250330_1417
DATATYPE: zbottom
UNITS: m
NX: 256
ITEMS_PER_LINE: 100
END: HEADER
TIME: 0.0
DATA: NEXTLINE
[0.                 0.                 0.
 0.                 0.                 0.
 0.                 0.                 0.
 0.                 0.                 0.
 0.                 0.                 0.
 0.                 0.                 0.
 0.                 0.                 0.
 0.                 0.                 0.
 0.                 0.                 0.
 0.                 0.                 0.
 0.                 0.                 0.
 0.                 0.                 0.
 0.                 0.                 0.
 0.                 0.                 0.0205375671386719
 0.0556327819824219 0.0869132995605469 0.1143791198730469
 0.1380302429199219 0.1578666687011719 0.1738883972167969
 0.1860954284667969 0.1944877624511719 0.1990653991699219
 0.1998283386230469 0.1967765808105469 0.1899101257324219
 0.1792289733886719 0.1647331237792969 0.1464225769042969
 0.1242973327636719 0.0983573913574219 0.0686027526855469
 0.0350334167480469 0.                 0.
 0.                 0.                 0.
 0.                 0.                 0.
 0.                 0.                 0.
 0.                 0.                 0.
 0.                 0.                 0.
 0.                 0.                 0.
 0.                 0.                 0.
 0.                 0.                 0.
 0.                 0.                 0.
 0.                 0.                 0.
 0.                 0.                 0.
 0.                 0.                 0.
 0.                ]
[0. 0. 0. 0. 0. 0. 0. 0. 0. 0. 0. 0. 0. 0. 0. 0. 0. 0. 0. 0. 0. 0. 0. 0.
 0. 0. 0. 0. 0. 0. 0. 0. 0. 0. 0. 0. 0. 0. 0. 0. 0. 0. 0. 0. 0. 0. 0. 0.
 0. 0. 0. 0. 0. 0. 0. 0. 0. 0. 0. 0. 0. 0. 0. 0. 0. 0. 0. 0. 0. 0. 0. 0.
 0. 0. 0. 0. 0. 0. 0. 0. 0. 0. 0. 0. 0. 0. 0. 0. 0. 0. 0. 0. 0. 0. 0. 0.
 0. 0. 0. 0.]
[0. 0. 0. 0. 0. 0. 0. 0. 0. 0. 0. 0. 0. 0. 0. 0. 0. 0. 0. 0. 0. 0. 0. 0.
 0. 0. 0. 0. 0. 0. 0. 0. 0. 0. 0. 0. 0. 0. 0. 0. 0. 0. 0. 0. 0. 0. 0. 0.
 0. 0. 0. 0. 0. 0. 0. 0.]
